 45  96 134 171 183 111 104 113  90  69 125 223 127  86  98  71
 98 187 161 151 122 125  98  90  80  73 103 176 132 136 147  99
 98  83 221 245 231 239 239 237 236 236 237 237 238 225 146 156
119  69 231 217 186 189 189 184 183 185 191 198 195 138 111 134
179  79 233 178 113 126  91  95  96 103 118 114 116 111  81 135
206  66 234 171 116  57  38  35  31  40  42  87 121 121  71 103
173  57 237 171 112  56  51  23  22  23  80  74 108 130 211 171
139 131 234 176 114  39  30  22  20  40  68  94 115 171 134 180
183 112 235 181 132  39  47  51  69  50  77 119 116 173 152 180
177 145 239 189 143  48  64  88  94  64  67 142 128 152 237 233
216 183 225 185 158  57  50  50  38  43  55 142 135 191 247 250
251 243 219 186 185 149 133 126 107  88  92 123 128 221 255 253
245 239 194 163 143 155 150 132 124 110 102 105 116 144 250 244
236 107 161 186  97 126 127 122  94  88  68  68 193 149 185 237
212 147 233 129 145 154 124 103 100  78 154 150 182 248 164 184
139 215 181 139 146 131 180 180 205 152 160 144 211 197 227 184
 52 103 142 175 181 116 105 116  95  75 131 222 128  92 103  77
 99 191 166 156 123 129 103  92  82  80 103 180 139 141 141 104
104  83 222 246 230 239 240 238 237 236 238 239 239 226 152 166
123  74 231 218 190 192 194 186 187 189 195 199 201 145 116 140
185  83 233 185 118 132  94  99 100 106 121 119 123 118  84 141
212  75 234 178 122  62  42  39  37  44  52  86 113 126  72 107
178  60 234 176 118  59  56  27  26  27  79  73 107 136 218 178
142 121 234 181 122  44  37  27  25  47  70  89 109 172 135 185
177 107 234 182 132  44  52  57  72  55  75 113 110 171 153 187
177 135 237 190 145  52  67  96  94  66  68 138 123 150 239 239
215 187 227 188 158  63  57  56  44  49  59 138 135 192 248 252
250 244 223 188 182 153 140 130 109  89  92 122 127 217 255 254
240 235 199 165 144 157 151 134 125 113 103 112 121 150 250 247
233 102 162 187 100 131 132 126 101  94  67  70 195 156 189 230
215 153 223 132 151 158 128 108 104  83 159 156 184 246 161 184
139 209 169 134 153 135 184 183 211 154 157 146 211 199 228 186
 42  97 136 176 172 115  99 111  90  70 131 224 126  90  99  73
 93 187 165 155 117 129  96  80  73  67  95 181 134 133 135 103
 95  71 221 245 231 239 239 237 237 236 238 236 239 228 145 159
112  69 231 217 187 189 188 184 182 185 192 195 194 141 111 133
179  82 230 180 115 133  93  98  99 107 120 115 112 113  78 138
211  60 232 173 118  52  36  35  31  39  45  73 101 124  65 106
176  50 233 172 116  51  48  25  25  28  68  58  96 129 207 167
128 102 231 176 114  37  30  25  21  40  59  74  95 162 125 179
162  88 232 179 125  35  46  46  63  49  64  97  99 163 145 184
159 116 235 186 138  46  61  84  85  58  56 123 113 140 235 238
211 175 225 178 148  55  50  50  38  44  53 125 121 180 247 252
238 238 220 182 173 142 127 119  97  79  84 108 115 209 254 254
222 216 197 159 132 147 142 122 113 100  97 102 113 146 250 245
219  98 162 180  94 130 131 123  95  89  67  69 193 158 192 226
210 149 213 132 144 159 127 107 103  82 158 151 176 244 158 182
135 199 159 124 137 136 183 181 209 150 152 139 209 197 227 178

 71  99 156 134 135 103 171 180 180 233 250 253 244 237 184 184
 98 147 146 111  81  71 211 134 152 237 247 255 250 185 164 227
 86 136 225 138 111 121 130 171 173 152 191 221 144 149 248 197
127 132 238 195 116 121 108 115 116 128 135 128 116 193 182 211
223 176 237 198 114  87  74  94 119 142 142 123 105  68 150 144
125 103 237 191 118  42  80  68  77  67  55  92 102  68 154 160
 69  73 236 185 103  40  23  40  50  64  43  88 110  88  78 152
 90  80 236 183  96  31  22  20  69  94  38 107 124  94 100 205
113  90 237 184  95  35  23  22  51  88  50 126 132 122 103 180
104  98 239 189  91  38  51  30  47  64  50 133 150 127 124 180
111 125 239 189 126  57  56  39  39  48  57 149 155 126 154 131
183 122 231 186 113 116 112 114 132 143 158 185 143  97 145 146
171 151 245 217 178 171 171 176 181 189 185 186 163 186 129 139
134 161 221 231 233 234 237 234 235 239 225 219 194 161 233 181
 96 187  83  69  79  66  57 131 112 145 183 243 239 107 147 215
 45  98  98 119 179 206 173 139 183 177 216 251 245 236 212 139
 77 104 166 140 141 107 178 185 187 239 252 254 247 230 184 186
103 141 152 116  84  72 218 135 153 239 248 255 250 189 161 228
 92 141 226 145 118 126 136 172 171 150 192 217 150 156 246 199
128 139 239 201 123 113 107 109 110 123 135 127 121 195 184 211
222 180 239 199 119  86  73  89 113 138 138 122 112  70 156 146
131 103 238 195 121  52  79  70  75  68  59  92 103  67 159 157
 75  80 236 189 106  44  27  47  55  66  49  89 113  94  83 154
 95  82 237 187 100  37  26  25  72  94  44 109 125 101 104 211
116  92 238 186  99  39  27  27  57  96  56 130 134 126 108 183
105 103 240 194  94  42  56  37  52  67  57 140 151 132 128 184
116 129 239 192 132  62  59  44  44  52  63 153 157 131 158 135
181 123 230 190 118 122 118 122 132 145 158 182 144 100 151 153
175 156 246 218 185 178 176 181 182 190 188 188 165 187 132 134
142 166 222 231 233 234 234 234 234 237 227 223 199 162 223 169
103 191  83  74  83  75  60 121 107 135 187 244 235 102 153 209
 52  99 104 123 185 212 178 142 177 177 215 250 240 233 215 139
 73 103 159 133 138 106 167 179 184 238 252 254 245 226 182 178
 99 135 145 111  78  65 207 125 145 235 247 254 250 192 158 227
 90 133 228 141 113 124 129 162 163 140 180 209 146 158 244 197
126 134 239 194 112 101  96  95  99 113 121 115 113 193 176 209
224 181 236 195 115  73  58  74  97 123 125 108 102  69 151 139
131  95 238 192 120  45  68  59  64  56  53  84  97  67 158 152
 70  67 236 185 107  39  28  40  49  58  44  79 100  89  82 150
 90  73 237 182  99  31  25  21  63  85  38  97 113  95 103 209
111  80 237 184  98  35  25  25  46  84  50 119 122 123 107 181
 99  96 239 188  93  36  48  30  46  61  50 127 142 131 127 183
115 129 239 189 133  52  51  37  35  46  55 142 147 130 159 136
172 117 231 187 115 118 116 114 125 138 148 173 132  94 144 137
176 155 245 217 180 173 172 176 179 186 178 182 159 180 132 124
136 165 221 231 230 232 233 231 232 235 225 220 197 162 213 159
 97 187  71  69  82  60  50 102  88 116 175 238 216  98 149 199
 42  93  95 112 179 211 176 128 162 159 211 238 222 219 210 135

214 219 194 197 142 142 159 207 172 172 133 140 126 175 207 163
192 149 232 171 132 120  91 102 103 127 141 133 136 213 153 215
229 195 154 175  70  67  84 100 119 126 127 100 178 176 145 236
246 243 145 132 110  99 107 120 129 141 141 141 163 195 231 245
253 253 210 138 119  85  85 105 124 135 146 175 181 216 239 248
249 241 187 145 120  63  43  42  46  51  59 153 177 224 193 223
224 205 150 134 117  75  73  92  85  66  46 140 179 234 146 203
189 150 156 123 107  76  52  65  50  44  39 129 174 228 119 189
176 137 157 117  85  66  37  19  20  30  35 114 169 225 125 144
156 138 130 110  68  74  23  21  23  49  52 112 167 224  64 150
 75  77 119 115  88  51  37  30  35  38  57 109 167 222  74 190
 94  88 114 116 122 118  99  92  88  88 125 110 169 212  86 167
103 126 138 197 206 202 196 190 189 192 194 193 217 208  68 134
116 146 205 233 231 229 227 229 230 234 234 228 237 202  78 112
116 128 138 131 168 101  79  76  83 107 121 137 148 144 181  87
 88 104 118 134 180 144 121 114 135 108 108 168 151 131  88  80
214 221 196 197 144 141 163 211 176 176 138 146 129 170 204 165
192 146 231 174 139 125  96 106 108 133 146 139 138 210 156 216
227 197 159 178  73  69  90 106 124 131 132 102 178 177 146 231
248 244 150 136 115 101 111 121 130 144 143 142 166 200 228 241
254 252 209 137 120  86  87 109 127 141 150 173 182 220 238 247
250 244 188 144 117  66  49  48  53  59  64 153 182 227 192 222
230 207 148 129 114  77  74  93  93  69  50 141 183 232 138 197
195 151 153 115 103  76  56  68  57  50  43 129 176 227 113 185
182 134 156 111  81  68  43  24  25  37  40 121 175 225 118 147
162 141 134 108  67  75  26  26  27  53  55 118 172 223  64 155
 78  79 124 109  85  56  41  36  37  42  61 116 172 222  81 196
 98  91 120 122 126 122 103  96  91  92 131 116 174 213  89 173
108 131 143 201 208 205 199 194 192 196 197 196 219 210  74 137
123 151 208 235 233 231 229 231 231 235 235 229 238 204  78 116
122 125 142 137 174 103  83  80  85 111 127 141 153 151 183  90
 94 108 123 136 185 147 126 119 139 112 113 169 157 137  92  85
209 219 192 193 138 138 161 210 175 176 139 134 124 166 198 160
189 146 230 167 135 124  96 105 107 132 145 136 135 198 152 211
223 197 157 175  70  68  85 102 122 130 132  97 169 173 138 218
247 244 147 128 107  93  97 108 120 133 132 133 160 197 211 226
254 252 202 123 106  77  76  95 117 130 139 164 176 217 231 239
250 242 175 128 103  59  45  42  46  50  57 143 174 225 180 217
230 202 140 117  99  65  67  82  82  62  44 133 178 230 121 182
191 142 146 104  87  65  50  60  48  44  35 123 173 223  93 171
176 126 148  97  66  57  37  21  24  31  33 114 170 222  99 137
157 131 129  95  55  65  25  24  25  45  50 115 170 222  54 153
 75  72 122  96  73  49  37  32  36  36  52 111 169 219  71 195
 95  84 115 112 122 120 103  95  90  90 130 113 171 211  88 168
103 127 140 198 205 203 196 191 190 193 196 195 218 208  68 129
117 145 206 233 232 231 228 230 230 235 234 228 238 201  65 109
119 120 136 135 173  96  73  70  74 107 125 134 152 148 176  81
 91 106 120 134 184 144 120 113 134 108 111 162 155 133  88  79

166 209 235 245 248 220 199 184 144 147 185 163 130 108  93  79
206 157 144 228 236 193 147 119 125  67  76  86  69  79 177  91
174 214 181 197 219 228 241 237 235 233 232 223 218 212 147 132
125 135 179 162 178 175 175 168 164 161 160 162 214 237 146 152
140 135 102 141 176 152 138 128 112 110 108 110 193 228 138 169
134 141 128 141 146  59  47  40  36  53  57 124 195 235 121 108
176 127 126 142 136  51  67  44  30  48  38  88 193 235 107 109
177 103 119 129 124  47  87  51  20  23  35  88 189 230  83 136
207 102 100 120 105  42  93  64  20  22  30  92 191 229  77 115
157  92  83 107  86  44  74  53  38  26  38 100 197 228  80 124
145 122  67  99  86  64  76  78  67  76  52 119 203 230 102 144
142 134  70 111 123 124 120 110  88  71  89 121 207 232 174 184
198 174 177 131 138 148 137 125 119 112 117 117 196 233 132 133
195 230 156 150 213 189 152 156 156 131 119 116 140 202 137 118
221 147 197 246 254 244 209 151 137 139  75  84 124 146 128 104
213 194 227 246 254 250 226 188 176 156  78  96 105 115 118  89
169 211 230 241 248 218 194 181 148 152 190 169 134 112  96  85
204 160 145 225 236 192 139 113 118  67  83  89  75  79 180  95
169 210 182 202 223 231 239 236 234 233 232 224 220 214 154 137
129 137 179 165 180 179 178 171 169 166 166 168 217 238 152 157
146 140 105 142 174 151 139 127 119 117 114 116 196 230 141 170
139 146 133 143 150  65  51  44  41  56  61 129 197 235 127 113
180 132 131 145 141  59  70  50  37  52  42  92 197 236 111 113
181 109 124 130 127  53  95  58  25  27  37  92 192 231  85 139
211 106 106 121 109  49  94  68  25  26  36  97 194 231  81 120
160  97  90 111  88  50  74  57  45  28  42 104 200 229  84 128
144 127  69 101  87  67  77  77  69  77  58 123 205 231 104 147
144 140  74 116 123 121 117 106  84  69  86 125 208 234 180 189
199 177 181 135 138 147 132 118 114 110 112 123 200 235 138 135
197 229 160 155 212 190 150 153 155 135 125 122 146 205 141 122
223 143 200 247 253 246 211 152 135 142  77  87 128 151 125 109
213 194 225 248 254 251 232 194 182 163  81 100 109 122 124  95
164 207 217 225 240 212 178 166 137 149 189 164 126 106  87  79
198 155 137 209 228 180 122  94  99  57  73  87  69  67 173  92
165 199 178 199 221 230 238 233 232 232 230 222 219 212 151 133
124 134 171 158 173 171 173 167 164 164 162 164 215 238 151 155
134 137 100 133 165 142 131 122 113 114 110 113 195 228 135 163
140 145 132 133 139  57  45  36  34  51  52 129 196 235 125 111
179 132 130 134 130  50  64  45  31  45  36  90 194 236 106 109
179 107 122 119 117  47  84  49  24  25  36  91 191 231  74 135
210 105 102 109  95  43  83  60  22  25  33  95 192 230  71 115
158  96  85  97  77  45  67  51  38  28  38 104 197 229  74 123
140 126  69  94  78  60  65  66  58  66  50 121 203 231  98 144
138 137  71 108 109 107 102  90  68  57  74 121 206 232 179 188
195 171 177 127 125 131 121 108 101  98 100 113 196 233 135 133
194 228 159 152 205 178 141 146 147 129 123 117 142 202 136 120
220 143 200 247 253 244 207 143 126 132  69  80 125 145 120 106
207 191 220 246 254 251 232 190 176 157  78  98 105 117 121  92
